A = 11030202
B = 11011101010011101101100010101011101111100100100
C = 0110110001010101
D = 1110110001010101
CxD

Step   Product                               Next Op.
   0   0000000000000000 1110110001010101 0   10 -> sub
      +1001001110101011
       1001001110101011 1110110001010101 0
   1   1100100111010101 1111011000101010 1   01 -> add
      +0110110001010101
       0011011000101010 1111011000101010 1
   2   0001101100010101 0111101100010101 0   10 -> sub
      +1001001110101011
       1010111011000000 0111101100010101 0
   3   1101011101100000 0011110110001010 1   01 -> add
      +0110110001010101
       0100001110110101 0011110110001010 1
   4   0010000111011010 1001111011000101 0   10 -> sub
      +1001001110101011
       1011010110000101 1001111011000101 0
   5   1101101011000010 1100111101100010 1   01 -> add
      +0110110001010101
       0100011100010111 1100111101100010 1
   6   0010001110001011 1110011110110001 0   10 -> sub
      +1001001110101011
       1011011100110110 1110011110110001 0
   7   1101101110011011 0111001111011000 1   01 -> add
      +0110110001010101
       0100011111110000 0111001111011000 1
   8   0010001111111000 0011100111101100 0   00 -> shift
   9   0001000111111100 0001110011110110 0   00 -> shift
  10   0000100011111110 0000111001111011 0   10 -> sub
      +1001001110101011
       1001110010101001 0000111001111011 0
  11   1100111001010100 1000011100111101 1   11 -> shift
  12   1110011100101010 0100001110011110 1   01 -> add
      +0110110001010101
       0101001101111111 0100001110011110 1
  13   0010100110111111 1010000111001111 0   10 -> sub
      +1001001110101011
       1011110101101010 1010000111001111 0
  14   1101111010110101 0101000011100111 1   11 -> shift
  15   1110111101011010 1010100001110011 1   11 -> shift
  16   1111011110101101 0101010000111001 1   done
 CxD = 1111011110101101 0101010000111001
